1.568748508012279386e+00,1.561860760728653874e-01
2.566820201036636995e+00,-7.083230648958083187e-01
2.494178567966604199e+00,-6.265195183209671947e-01
1.967482905709022845e+00,-6.470371674411138363e-01
2.648071612278456999e-01,5.305869534842841961e-01
2.179423117211976457e+00,-5.713759930177197965e-01
1.882606994658130084e+00,-4.569630875395788161e-01
1.563741388043291769e+00,1.976626710052102887e-01
3.210260550047279171e+00,-5.375885582300981014e-01
1.789200065774295911e+00,8.071206917588000795e-01
2.857302601721514179e+00,-6.579347105081005953e-01
1.980918810839838340e+00,5.078104062937839336e-01
1.922320444816961071e+00,-4.403220237466551890e-01
3.542931745867098581e+00,-2.447667349075029891e-02
3.569857049225876544e+00,-1.668486999744366872e-01
3.319383393215944000e+00,-3.380007932272062199e-01
9.039304707372367576e-01,1.022775757796375196e+00
3.379707850430763383e+00,-4.123196710425134914e-01
2.618217148830059404e+00,-7.330330978493605487e-01
6.912650246223166484e-01,9.342365814558392101e-01
1.593587222506509082e+00,-7.364183061349480197e-02
1.589834553084064295e+00,9.515075766286675840e-01
4.625373638837795842e-01,7.255288065374311257e-01
1.580162859027829825e+00,1.010225014691479017e-01
1.298291079042402929e+00,9.283872946027531547e-01
1.273383321553715808e+00,1.015937797668657661e+00
1.893909667377998929e+00,6.353374225167822686e-01
3.651121057068229092e+00,1.460143671698957979e-01
3.388001693007621107e+00,-3.510654607345090050e-01
3.585200226414464009e+00,-2.288579142848999950e-02
6.051764790513147751e-01,8.714835294467723203e-01
1.666031963441834574e+00,7.816641355572947480e-01
1.813598108745063220e+00,-4.658627924594908043e-01
1.152624433982099017e-01,4.177826991749530178e-02
3.742547279026027796e-01,6.095355254121818112e-01
1.434340653161964907e+00,1.080074093288222015e+00
2.196567057583918015e+00,-6.712323135166667898e-01
1.815837674134089141e+00,-2.250229524103704026e-01
3.416588722313209647e+00,-3.064737701636243150e-01
2.051046650149682460e+00,3.059799824482292152e-01
5.653166790504191574e-01,9.746810917114400175e-01
1.938773188393873692e+00,5.732687838495221788e-01
7.188109688061556923e-01,9.626317486450024496e-01
3.704693352700175968e+00,1.194522628009716952e-01
7.707074307156648318e-01,9.451616576493192534e-01
9.880123550465428339e-01,9.559097035285315513e-01
3.523309467736417844e+00,-3.208686026113319878e-01
1.774072500357827709e+00,-3.124734876134853123e-01
2.407409055823858113e-01,3.279031765427942169e-01
3.038419151935526141e+00,-6.151007366995975278e-01
1.629397383944939159e+00,-1.840284818990942928e-01
3.317720531315224708e+00,-5.016050380479384341e-01
1.074616492576377924e+00,9.895194662423527632e-01
1.762314239968440388e+00,-3.138155015753514854e-01
2.045407495447908008e+00,1.701308288612148889e-01
2.048993602669091807e+00,1.795255739860948940e-01
1.849401799375607558e+00,-4.138647920030555927e-01
2.070873236797056816e+00,7.038051427651000058e-02
1.246073947732060372e+00,1.017659667404467116e+00
3.013799191295326807e+00,-6.453522895945679183e-01
9.466392941772305836e-01,9.020976159451495890e-01
2.118925865978625644e+00,2.004930803494920921e-01
1.520957357982892111e+00,-7.338401117498509485e-02
1.300081366672054095e+00,9.778536919017272178e-01
1.811418242744792018e+00,-3.717105871294248964e-01
2.228473825472941705e+00,-6.587996267719140597e-01
2.108343290619234089e+00,-6.683909292604943708e-01
3.241467660227224101e+00,-4.963434047078683076e-01
2.035449948492532801e+00,3.879432914489442941e-01
1.622079664522198206e+00,-1.592456392098640094e-02
1.853060249135930704e+00,5.874255696312145059e-01
1.123833997800230966e-01,3.124842090541059964e-02
1.771423462542018212e+00,-3.394462127823366093e-01
2.519097108327077894e+00,-7.600292646313260292e-01
8.830367422145828371e-01,9.173953823265483809e-01
8.723374657890117234e-01,9.818751419426924310e-01
2.096430370269913190e+00,-6.177976488360453766e-01
2.043878413486365009e+00,1.962078180587618903e-01
1.659547903690760107e+00,-1.932264530950023040e-01
6.905056457051486074e-01,8.943725943657548916e-01
2.226486432699883444e+00,-7.407594731212545636e-01
2.059456335905733404e+00,3.330156835830196949e-01
1.009213903703758186e+00,8.786468540068699262e-01
1.931405774767189110e+00,3.821727952208590073e-01
7.373074501603857911e-01,9.068915596643668531e-01
1.618649156099832398e+00,1.968356813072509939e-02
3.697861908361600669e+00,2.773171289504525738e-01
2.337333027489730597e+00,-7.460348041311497536e-01
2.547730816642887142e+00,-7.447163632719784321e-01
5.564610739587196875e-01,9.109017649699809871e-01
4.662585292212864108e-01,7.076571700403768705e-01
1.285905071759541052e-01,3.239655128741004142e-01
1.680723204205874399e+00,1.904600745072020929e-01
1.253564408484433956e+00,1.005914375322909615e+00
2.816119149892199136e+00,-6.819299206137293679e-01
2.035468527125902094e-01,2.678297270598569146e-01
2.663881118174352469e+00,-7.359081555214970205e-01
1.885426521072064432e+00,5.551683580203007340e-01
1.952898549330230438e+00,3.463938451632262994e-01
3.120406988050422381e+00,-6.804313563314821067e-01
2.409469718666550353e+00,-8.155198060066095600e-01
6.143882804579712253e-01,7.874521362554806059e-01
3.517252368322428158e+00,-1.273639577066310868e-01
1.096199947742692027e+00,9.232037901643551647e-01
1.929817099352955978e+00,-5.341725640704342304e-01
1.889208975647344024e+00,-4.880513220034473076e-01
1.629747081290202404e+00,-7.133462692133470118e-02
3.567569803312049093e+00,-1.592030789605800023e-02
1.696369571181905567e+00,8.688608803652028145e-01
3.381896680185797255e+00,-2.636446179271139112e-01
1.630604064186915503e+00,1.012595859263130949e-01
2.982131965679072128e+00,-5.983587711511617613e-01
3.498094510436921656e+00,2.191799647680356955e-01
2.930697273496320143e+00,-6.749430559139266705e-01
2.016930247648391017e+00,5.213481084190840775e-01
2.352211467442897053e-01,4.403520049543011017e-01
1.571831047400665593e+00,9.692826800458621550e-01
3.558705342171332831e+00,1.498206030307701886e-01
1.536614885641987893e+00,3.467928313356079956e-02
8.711455664642275831e-01,9.677030193556848126e-01
3.394002757443220997e+00,-3.845049459268986003e-01
2.697629611629455137e-01,4.451950917109070982e-01
2.339068490585781923e+00,-6.793870444629516170e-01
9.704172160322883656e-01,1.022867483802494926e+00
1.133224493490222029e+00,1.060801313822783420e+00
1.645266666813453682e+00,-1.062184678150800976e-01
1.744198694606566402e+00,-3.455752376105369894e-01
1.314394718338791901e-01,3.856379436662886739e-01
3.307614067302307781e+00,-4.744829484639772055e-01
2.835253936084819237e+00,-6.706072593789680347e-01
1.813822556967328303e+00,-3.313522411633393894e-01
3.237534484959633030e+00,-5.942973096507531139e-01
9.838101180199956275e-01,8.710118269347479902e-01
3.635794047592546097e+00,2.405126524533678090e-01
1.522649762290694042e+00,-1.949481152884099955e-02
2.003747157178252802e+00,3.790723293531126914e-01
1.819648163083894987e+00,6.454084399548247752e-01
1.271927397527853998e+00,9.239581410603652234e-01
1.997687865999463686e+00,9.637557897209909907e-02
1.952212425642030347e+00,4.720621422145344082e-01
2.060322881395482586e+00,2.322056420650192021e-01
1.237957663294342092e+00,9.666812918601039861e-01
2.470006495722190998e+00,-6.528902160777427799e-01
8.312151464928642097e-01,9.840977040474719884e-01
3.349706139126140680e+00,-3.988547451295326174e-01
3.478085306836080193e+00,-2.911058855965292791e-01
2.937072308966173662e+00,-6.867382204843963667e-01
1.122682623289428694e+00,9.407220428533600298e-01
3.070673859725991495e+00,-5.951990396665451932e-01
6.888148261613400436e-01,8.815550652203666404e-01
1.933481208068641655e+00,-5.686919316188109308e-01
1.769328584866628695e+00,8.855053296429824528e-01
3.538537463678506079e+00,1.201702341160021947e-01
1.841545665188555059e-01,4.557666673704324767e-01
3.551363107032906807e+00,-5.291365078889889717e-02
9.121384045731009693e-02,2.360795210095250063e-01
6.534062754632882219e-01,8.677875086300840257e-01
2.309782028285650934e+00,-7.434052139581903695e-01
1.994185398282340760e+00,3.684129836674109870e-01
3.374010486327513103e+00,-4.654386937613329001e-01
1.589671688424364904e+00,-3.565834893849407772e-01
2.760354483573901341e+00,-7.267799985778196081e-01
2.064968583868009855e+00,-6.130095581477992273e-01
1.921893748741990038e+00,-5.369982925118697015e-01
3.266873203894817834e+00,-4.817861077160561778e-01
2.145884111628955537e+00,-6.001398668010402560e-01
8.263912088146025958e-01,9.894935919118411638e-01
2.243489569882108015e+00,-6.354601791172613812e-01
7.621498113914397798e-01,9.952617060793371717e-01
7.025221554691123416e-01,9.523605810736690547e-01
4.424864257502078013e-01,7.218877567390230565e-01
8.017261011261450632e-02,1.503308507766883961e-01
1.897274987506953003e+00,6.585111949234370154e-01
3.576852881613735491e+00,1.872545514560338964e-01
1.509678089148467073e-01,7.284101935356899864e-03
4.526716632336559853e-01,7.598724528111099330e-01
1.116070740603805511e+00,9.320862835818459757e-01
1.121715192806576056e+00,1.008893443462513417e+00
2.927991540432307804e+00,-7.159400122545354073e-01
2.176262082811477594e+00,-6.452278840777697644e-01
1.676772495909213956e-01,-4.060102668459390080e-02
2.119020260087319141e+00,-6.069102788487348299e-01
3.781715071820144214e-01,6.745257125585686353e-01
1.585339238715518073e+00,9.577178535893560163e-02
3.065292776899271043e+00,-5.263802914084136919e-01
1.733250689122578292e+00,7.658753623569184432e-01
5.086549337322013864e-01,7.611171626442351235e-01
4.354284956362781123e-01,6.453018117036438683e-01
3.563023990708054978e+00,-4.720295907192999935e-02
2.501922188949079473e+00,-7.703196892381192207e-01
3.477519955521144901e+00,-7.448295109044419937e-02
3.102428347698507505e+00,-5.779704513047752013e-01
2.090969390927352123e+00,-5.161609658321473226e-01
1.408219459174857358e+00,8.925345009852251321e-01
1.328781968275410730e+00,1.005376290206583034e+00
2.050457475054937029e-01,6.250913250599690052e-01
6.552664220335234768e-01,8.577880033925252556e-01
1.329501375081471259e+00,9.326054282019068387e-01
1.836396371242507097e+00,-4.143822271502068944e-01
2.036086374242751962e+00,4.544214481454152965e-01
2.115386794980012475e+00,1.801186173203900009e-01
1.627782687159075703e+00,1.992386722972979904e-02
2.289078819753429084e+00,-6.555826490945709795e-01
1.676818140504959365e+00,-7.083069273056269433e-02
3.060964221034084609e+00,-5.891802287119177750e-01
1.829733550572554712e+00,-2.936937833695624223e-01
1.562448893377760051e+00,8.593094307720844371e-01
3.481633693267694785e+00,-2.760105022103109818e-01
3.913625107546309795e-02,9.375552298312399627e-03
3.005104176140389161e+00,-6.427191898133538528e-01
1.944591773095125653e+00,4.261339478443182949e-01
1.706196587373700169e+00,8.254125216022236700e-01
3.469698051720786047e+00,-2.004853327155811937e-01
3.050260015804411751e+00,-6.677165667095195101e-01
2.153265620098991473e+00,-6.029693202363817228e-01
6.670233390612499980e-01,8.165426656934835492e-01
2.096058686395877668e+00,-5.846435441294730584e-01
1.108671767595870161e+00,9.714448094213273821e-01
3.413848177126095784e+00,-3.175286666972348959e-01
2.451908825486533328e+00,-7.171916367297798134e-01
7.906283778063709633e-01,1.028654191024786835e+00
2.448874080054745050e+00,-7.433593942306419011e-01
3.565266745022922290e+00,9.516872759181810304e-02
2.050574326447175189e+00,2.670293326736062900e-01
3.396902075398629872e+00,-4.070953567668756934e-01
2.156097597519432085e+00,4.375671133118679695e-02
1.603570308125779276e+00,-4.573405028458529809e-02
5.291633552376021621e-01,7.664914852608554208e-01
3.507126375899628279e+00,-2.951760408431768901e-01
1.635357795702328865e+00,5.935976705588209834e-02
5.172914667233950992e-01,8.826265104252563054e-01
3.595350998921968522e+00,2.660335878313547786e-01
1.032493705612757967e-01,1.789454932929465114e-01
1.719609537621588302e+00,-9.570638270357069433e-02
2.066751931932892195e+00,2.164966819737342008e-01
2.036168813835263158e+00,1.674674984914968912e-01
1.253875774078438310e+00,1.049691037774349578e+00
3.712795379008144714e+00,2.045606770685680018e-02
1.414224088803448964e+00,9.728541528373592095e-01
5.485250403174182221e-01,8.931880707864593427e-01
2.081441587083510125e+00,2.946595617155790131e-02
1.443841230378087648e+00,9.537140769604843804e-01
1.640645596891211255e+00,2.056311320681722954e-01
2.803524134549946201e+00,-7.469117378456748835e-01
6.803850781121063562e-01,1.037485833477008290e+00
1.875097278464928907e+00,7.226740159027809085e-01
1.179660148184760032e-01,3.922355866186905127e-01
2.031537553581460820e+00,4.749728652333637946e-01
1.996765984430181051e+00,4.418462716737969753e-01
9.477941577914710258e-01,1.012563719879268742e+00
1.996488554785744718e+00,4.593450358638574982e-01
3.605041646464593796e+00,1.850805779252966965e-01
2.753723056963647942e+00,-7.217585091518723406e-01
3.371627219419822019e+00,-3.108311165044723157e-01
1.904581402559767933e-01,6.056404797302540333e-01
6.025530681493471707e-01,9.107940636281776081e-01
1.615979669147996178e+00,1.263230677007393110e-01
3.497033981021447246e+00,-3.113793107498145085e-01
3.530285680565707018e+00,-2.514130783217369824e-01
2.028442381528240634e+00,1.785388719359580142e-02
2.369153160176750816e+00,-7.305161212850643793e-01
1.165929400394040000e-01,2.741098175683517879e-01
1.958431284096985081e+00,5.038333552077577382e-01
9.611197705173247785e-01,1.020642511038330369e+00
5.227882161180509302e-01,8.407084149111261340e-01
3.329588168340611443e+00,-4.888520573994402096e-01
2.908874934951767965e+00,-6.388063160245942562e-01
3.593316253362713875e-01,7.000376304130725424e-01
1.895032756495926396e+00,-5.119233326103160842e-01
3.726430972185447166e-01,6.420506891671954319e-01
1.017917957880579982e-01,4.883933733048300037e-03
1.833741905774959990e+00,6.988473764149678580e-01
3.372648745287857075e+00,-3.332385141929811723e-01
1.110551979668620293e+00,1.022621789994372810e+00
1.593906386956355226e+00,1.599959536645814973e-01
2.000081928939192011e+00,2.035193193180434013e-01
1.393667330008483640e+00,9.639785446425319648e-01
1.746184542896162872e+00,-3.217503099206051043e-01
1.993326237421995994e+00,4.556048494981407848e-01
2.853122496119302465e+00,-7.360391640912712363e-01
1.763773069248045111e+00,-3.166108519667287791e-01
2.883187299261804171e+00,-6.054466153293381891e-01
1.220938530743528982e+00,1.013196854399180502e+00
8.320616401220428671e-01,9.710435287885351707e-01
1.356631960696582873e+00,9.932291355359536000e-01
2.333098723063023794e+00,-6.957193448524264801e-01
4.161883525022646024e-01,8.531919997908745668e-01
1.172895394788063955e-01,3.244471130378394075e-01
1.298171571723832241e+00,9.773646970897695851e-01
3.559941942316502406e+00,1.813589050438519854e-02
3.563184614428168917e+00,-5.974111539465089965e-02
2.794470261063056515e+00,-7.541389513121617982e-01
1.642485574497807077e+00,2.722017799968332041e-01
1.669855164200158004e-01,2.503431576011960757e-01
5.206960103497315639e-01,7.464152312408232071e-01
1.317428381990272956e-01,1.424986937123537967e-01
3.446134777038928121e+00,-2.243021529749996135e-01
1.607266811992119904e-01,5.098904719734667079e-01
2.028125435237376983e+00,2.887937450616880064e-02
1.602543569829127268e+00,7.981273131858493963e-01
1.631734606818989963e+00,-4.027570346945189700e-02
2.294142561681563885e-01,4.396666098985431148e-01
0.000000000000000000e+00,7.267437177451359365e-02
2.249099310587925060e-01,5.223149863127989345e-01
2.745875935794580780e+00,-7.349424137294191528e-01
3.483144316144545893e+00,-1.362554896671478999e-01
6.717499323996439786e-01,7.705942625598919404e-01
1.818854456644156903e+00,-1.741719894416264014e-01
3.541547675804237905e+00,-1.191254613427892989e-01
1.665138953017022860e+00,-1.398146804837610002e-01
1.750738719187881376e+00,-2.802046606979289867e-01
1.606219025441003145e+00,1.473023395633350080e-02
1.673826072391456643e+00,-2.873541451300203886e-01
2.374275599963577843e+00,-7.452884016778985599e-01
6.223390050936460083e-02,3.354378683085142976e-01
2.241020695336574109e-01,3.242285609034321059e-01
1.211512791519637533e+00,9.115123363221447894e-01
4.985675026682713229e-01,7.909478758543163623e-01
2.406713532700381908e+00,-7.133010569897724196e-01
1.432968532878772905e+00,9.833737188823278297e-01
1.993598689063914797e+00,4.302512501908781206e-01
1.773013653971637904e+00,7.989226098393424902e-01
7.532418071395239334e-01,9.490554440705047945e-01
1.921226346706590427e+00,-4.644652925475458161e-01
2.822697621094043097e+00,-7.158511559718384598e-01
1.576636036912489658e+00,2.322939326115734948e-01
5.817186624117617333e-01,7.703485414808246556e-01
1.680856125295057957e-01,7.298159439471729737e-02
2.336332660633558600e+00,-6.831989144361688693e-01
1.813533453443393562e+00,7.078223296189133373e-01
2.341675049658457741e+00,-7.354752462496267906e-01
8.201232060265181145e-01,8.845639326784838774e-01
2.429823421330034705e+00,-7.741506154445619847e-01
2.013318693040370366e+00,-5.376625556891575508e-01
2.132950870581812097e+00,-3.674552072388990315e-02
6.824824329712034787e-01,9.363076866507515916e-01
2.380893316728621922e+00,-6.315626054906762210e-01
1.556732703826336328e+00,-2.821473969817769878e-02
3.360114083159951193e+00,-5.513175694822232131e-01
1.626064420721182957e+00,4.979103311594620246e-02
1.370366061081098041e-01,9.944945598953110200e-02
2.085441718932369015e-01,4.674170060188140852e-01
1.624343940853902879e+00,9.385110390286733884e-01
1.827859959829463143e+00,6.815114340126481318e-01
2.362364489925576905e-01,6.421184651234795870e-01
1.728516235825267866e-01,4.415477213945425139e-01
1.613903585098421800e+00,-8.144042508934430658e-02
3.375014014996642775e+00,-3.165910731709223880e-01
1.919361981400487638e+00,5.718519299920480359e-01
3.571171000442596277e+00,-1.133997535934918033e-01
1.547880467555639905e+00,1.014332269677489906e+00
8.944669488293429671e-01,9.264541655421087984e-01
3.418063265057728284e+00,-2.616423818350684938e-01
2.000826909495822203e+00,5.072156999570544000e-01
8.532421807759750232e-01,9.320171181555847451e-01
1.735941068084999372e+00,7.658466061313840001e-01
7.483774149515631802e-01,9.539462745602483862e-01
2.953285909810937082e-01,4.394927142688569988e-01
7.092115646635730464e-01,8.255152924019483196e-01
1.696470190979695758e+00,7.170502306991369812e-01
2.226863274632862044e-01,4.994334683965427901e-01
1.718058150808591700e+00,-1.712836515467618947e-01
1.729309598070547516e+00,7.625012604658196746e-01
1.275670754545913943e-01,3.217070162263001021e-01
1.644587168466195237e+00,8.877069503252680294e-01
2.037705582903703405e+00,1.308828644528859109e-01
2.702316951514440735e+00,-7.510192741549157613e-01
1.459349365466775517e+00,9.728034344433351688e-01
2.987331922325158762e-01,5.632723591391211038e-01
3.299358733320986392e+00,-6.054817207917733146e-01
1.633939664739659126e+00,8.758606756143165750e-01
2.326173628331079435e+00,-7.110881619351796523e-01
1.723555364923980093e+00,7.948343213229538406e-01
1.548025015194091081e+00,9.445576042501078184e-01
2.134441405852984808e+00,6.774538386884559893e-02
2.536436390705552935e+00,-7.614164410334370858e-01
5.606428496653530213e-02,1.141756758226248059e-01
1.951137619432952830e+00,5.092356472357061348e-01
3.439729428040773751e+00,-2.729359380561171000e-01
2.968079809190136142e+00,-6.612669851192825021e-01
1.302314811160383279e+00,9.823731466909507715e-01
1.685675468892662510e+00,8.177573819797910870e-01
2.728223004508266492e+00,-7.112182317093970196e-01
1.185576824378694161e+00,9.456267425872340038e-01
1.316780140857066295e+00,9.855019749233040471e-01
3.387695547957464637e+00,-2.427560354703356127e-01
1.445706189517990570e+00,2.646634657066750940e-01
1.795003770457311632e+00,6.989704640420543180e-01
3.615520524154404836e+00,1.292433919842687906e-01
2.695429520027635029e+00,-7.172680473869860185e-01
1.467308358537675828e+00,9.155444182071690307e-01
2.045420114424087998e+00,2.347233519942422131e-01
2.241267253988684427e+00,-7.291468813357371292e-01
1.899463211138628704e+00,5.973529776217952891e-01
1.740492049256566975e+00,-3.125538415957215821e-01
1.968508409169413609e+00,3.909265265004409073e-01
3.017728862734156969e-01,6.722924279598369024e-01
1.182360306554793017e-01,3.407583847214366024e-01
2.630895158050705174e+00,-6.994169500181439680e-01
3.564685082505810509e+00,1.788566862927500889e-01
2.155729500471581073e+00,1.346918486709519081e-01
1.708904049462826868e-01,2.382146970526554108e-01
1.618617879909439283e+00,-1.791287421665300030e-03
1.589526616501532041e+00,5.530793319269269870e-02
1.896765869171245900e+00,-4.662498707871536863e-01
2.253213236942089193e+00,-7.455045079134587915e-01
3.436648120157117070e+00,-1.951291713140516915e-01
4.799331841875513760e-01,9.517795979001497653e-01
1.995973410129213921e+00,3.135915093832460920e-01
1.649501580459457495e+00,1.627985592774462975e-01
1.480054122869320921e+00,1.271905515137584930e-01
3.425220876268626480e+00,-3.409313280621695808e-01
2.801383814249672088e+00,-7.200448627321459627e-01
1.072687033234516862e+00,9.397949553902924524e-01
2.922451764206194458e+00,-6.813893432919200244e-01
2.339574749139262444e+00,-6.731698864164730178e-01
2.248359311276965755e+00,-6.003292324442232042e-01
3.100307671245920549e+00,-5.781413991388842932e-01
1.564509371709692953e+00,1.453381776673755010e-01
1.002802655537076010e-01,3.246979336488399759e-01
2.104750774418541859e+00,1.991880122406352871e-01
2.363170147740251803e+00,-7.220015970691103790e-01
1.236500265736990012e-01,7.782114468558559706e-02
1.640244275000656726e+00,-1.002141188408461059e-01
1.427808368489542901e-01,3.372709972657453870e-01
4.666399358678037790e-01,7.965253008349385544e-01
1.950711825342400729e+00,4.772883334123351751e-01
2.048017556939172756e+00,3.392788180250035923e-01
1.905303984707934051e+00,-4.695860767036679206e-01
9.959075784175830393e-01,1.055541643578897126e+00
8.224592854680602416e-01,9.500045280851552310e-01
4.798815771385459006e-01,7.213348770226666318e-01
5.273537176679043981e-01,8.525040796958357481e-01
1.139858081320545002e-01,2.693533426586962043e-01
1.001045267948605266e+00,1.073909222718078649e+00
2.141170302871654663e+00,1.051489326854958967e-01
1.476334745235840185e+00,9.290136591624825746e-01
4.558308209601991123e-01,7.238574189589926933e-01
3.296889828964756131e+00,-4.904927454080177940e-01
1.754080577017502973e+00,-5.097915296356863024e-01
1.301770036935633756e+00,9.934997453960699998e-01
1.666920596793850073e+00,-2.045037952779089896e-01
3.584022248084422380e+00,6.020698492043639882e-02
1.952240670545027923e+00,-5.254033709406153996e-01
1.645190608698240853e+00,-1.624025876217660008e-02
1.762323338653541072e+00,-2.843078177209314994e-01
1.981363862652671060e+00,-4.998660561593294971e-01
1.597563939900244367e+00,9.315553481927828505e-01
2.030927623078829569e+00,-5.866527360088318321e-01
2.143211841032171883e+00,-6.347268840135512624e-01
1.725204446057749585e+00,-2.642570232612544978e-01
3.332274430211043192e+00,-4.337540348606523932e-01
3.227936038385250117e-01,5.443117179779970449e-01
1.649517814056958409e+00,8.915231978162554416e-01
1.231196762414718870e+00,1.053727062079582222e+00
1.830408613148914343e+00,-4.931423537839867977e-01
3.433996617641847049e+00,-3.764903165283134956e-01
2.121161612425572329e+00,-5.792858988061210246e-01
3.651760975135779907e-01,7.276645708345509389e-01
2.405018538371394010e-01,5.197716874164034495e-01
2.041578702936900580e+00,4.028802252717473831e-01
1.928565546134390907e+00,6.317714989594120922e-01
1.787526970748711141e+00,-3.986050014430451149e-01
3.597630076203045757e+00,8.536132144345570660e-02
3.073665142406311057e-01,5.781213859289690005e-01
1.913825506697560463e+00,6.817100559603938015e-01
1.787548021376093033e+00,6.023523503119779798e-01
2.143487090115868132e-01,4.526083586914133039e-01
1.561621428611502438e+00,-1.145140193760670055e-02
1.709420215406723953e-01,2.782880324340885059e-01
1.780701100223444078e-01,6.096430647478994214e-01
2.027681871444858785e+00,5.098189141095730292e-01
3.555566283700068997e+00,-1.995238980956640928e-01
1.962871446213166893e+00,4.896726930570928782e-01
6.993823992586700733e-01,8.405416554908717863e-01
3.594045132407587939e+00,1.464049291691343901e-01
3.565014032898900176e+00,-1.272395072560761897e-01
3.586572233062971016e+00,-1.058448834327278959e-01
1.769536282877602229e+00,-3.225586872001072192e-01
1.756335733257182508e+00,-2.370017790257034906e-01
1.880320246426205211e+00,-4.257866029280045206e-01
1.984060219561549099e+00,5.919600470221493271e-01
1.965657521562282462e+00,1.092450334391471961e-01
2.881311324159850917e-01,5.596615951794869925e-01
1.569461440008102615e+00,3.696864304920149946e-02
2.094314738699246004e+00,1.991506445377352053e-01
2.081468684078577880e+00,2.901899106002602258e-01
7.199462412178156967e-01,8.235013878063499604e-01
1.585612862003937362e+00,8.811995104489155350e-01
1.641824722939329018e-01,-2.619973060133600189e-03
3.364906151739273099e+00,-5.461415116236607581e-01
1.708199999769064004e+00,-3.060009548504472043e-01
2.560489653566275781e+00,-8.078863156519998645e-01
1.888620130282363530e+00,6.273754137551936783e-01
1.157008091222016949e-01,4.520971395643901825e-01
1.593479767111394940e+00,8.906354373500319221e-01
1.476452664119027869e-01,3.594779963820239899e-01
2.305776055798285096e-01,5.686159968568669232e-01
3.222484937364915147e+00,-4.783537162430561152e-01
3.341156974805538749e+00,-4.407002936430474138e-01
2.022828189026874668e+00,-6.638349931348165311e-01
1.592500367270781592e+00,9.365310458982260000e-01
3.312780370864186752e-01,5.540764057933456055e-01
3.460297259111390744e+00,-3.047891486041134912e-01
2.878249550005372193e+00,-7.066571830355428130e-01
3.511308332386530839e+00,-3.769839413777319875e-02
2.207085988987433911e+00,-6.772278422646016427e-01
3.197511020239339752e-01,6.209591838506415273e-01
3.538507233854061074e+00,6.098149408856599896e-02
2.573259373090231783e+00,-7.506563858372098386e-01
1.064614165287773639e+00,9.423341023576533582e-01
1.530459663703642725e+00,-3.829591209065930091e-02
6.064189691730751397e-01,8.629537052218355653e-01
2.137397233974259958e+00,9.913384146619350079e-02
6.492292218845591156e-01,8.618041244975990223e-01
2.687838654327370680e+00,-7.945274689896822951e-01
1.223482958887252892e+00,1.013402509468586787e+00
1.469496510178335491e+00,1.023843670707275111e+00
3.589050196236653889e+00,1.668331453362358885e-01
2.056734959823044218e+00,1.223014150437775061e-01
4.640168724825530777e-01,7.564191790890565370e-01
2.119951505476434406e+00,-6.374530032963864334e-01
3.286724950270929924e+00,-3.804065885969951100e-01
5.525191214524718397e-01,8.496420275164502378e-01
2.159559979610544134e-01,5.057299257128747838e-01
1.637093685870157911e+00,-1.070467809989918972e-01
3.028619056373024865e+00,-6.178733987567341934e-01
1.372903503292925986e+00,1.057953303140150902e+00
1.995259931646307994e+00,-5.318068282163254112e-01
1.904626604615915708e+00,5.563107155071794763e-01
1.725912668789751692e+00,-1.042434766656195055e-01
1.984121539436151993e+00,4.122105945880624733e-01
1.839452900263826463e+00,-4.146351432519466140e-01
8.557805886730696088e-01,9.509819363304263806e-01
3.208684543242700027e+00,-6.165942587017212428e-01
1.169970593403854980e-01,4.026485822853260177e-01
1.659560483241344198e+00,8.466241570008279371e-01
2.013183723462999453e+00,4.532358091802570765e-01
2.464608087596056762e+00,-7.792664350026407005e-01
1.660553715129501895e-01,3.715828859500071024e-01
1.435648575676774508e+00,9.257037629236953835e-01
1.023705934444341104e+00,1.016124126762734337e+00
1.257097073776166640e+00,9.679831533207046146e-01
1.804680369995610018e-02,8.551006422359999637e-02
1.865614180250369181e+00,7.401986887743577936e-01
3.588017643782445809e+00,-6.846758288685950156e-02
1.631241753386680982e+00,1.649314530638525955e-01
2.986796933259757925e+00,-6.332551629980359698e-01
1.798924426291385270e+00,-2.592664338961293002e-01
1.849943309328351937e+00,6.912617761978903097e-01
1.838422950980622472e+00,6.912719677427131559e-01
9.277471638005560517e-02,1.371743246128057925e-01
2.256761549559212376e+00,-6.493537411926557645e-01
2.033054360116470782e+00,2.930469360353559760e-01
3.208622728932425172e+00,-4.951910411601154749e-01
3.453403275403356787e+00,-2.586909548241597134e-01
4.494445585837877899e-01,7.303787147472682317e-01
1.003776821994306179e+00,9.909734747559312273e-01
2.122525949180626981e+00,3.571915030054305107e-01
4.610259814477314921e-01,7.973631230391342584e-01
1.444795664882880804e+00,9.283639175083587824e-01
3.679765879344170543e+00,2.611977639044866795e-01
3.057103193723779810e+00,-5.819756392765051967e-01
2.518777780980472336e+00,-7.311806238347502429e-01
1.112235845419662361e+00,1.013929528600161500e+00
1.530590497559969898e-01,2.475409427219776026e-01
2.129823752109303747e+00,-5.767062423774957924e-01
7.657475701546789804e-01,8.297071581830998133e-01
5.370875802137180521e-01,8.882478415102900149e-01
3.595905888060564770e+00,1.736743005265799960e-03
1.669813400498190159e+00,7.858833180860436141e-01
1.784034770582068941e+00,6.022763776161988991e-01
2.856078054880261785e+00,-6.608599172569497027e-01
1.981672063640445902e+00,3.718083436833463096e-01
4.951119475334653797e-01,8.563632726474140755e-01
3.491025867998871046e+00,-1.811537507837459871e-01
1.751652933168645676e+00,7.400800529100178826e-01
1.830874692052965880e-01,1.254958296253946004e-01
2.783531557178399174e-01,6.150166980415612272e-01
1.858667028592856818e+00,-4.193422894563058057e-01
7.461043993865132951e-01,9.537314208270357696e-01
2.002781050943732044e+00,1.256270419237187908e-01
3.007452988820448869e+00,-7.464919659926290141e-01
2.878525330855704834e+00,-6.842955629128191219e-01
2.889547957667669031e+00,-6.412280502616869438e-01
2.834731004164957047e-01,5.798832810346422617e-01
1.568813060660623426e+00,2.666404974095090002e-02
1.776942367801850775e+00,-5.494973461644936386e-01
2.085292616427404155e+00,2.919937556919383059e-01
1.571405620693568483e+00,8.888324350466478840e-01
1.125683233285667217e+00,9.524704346068340044e-01
3.053370500866624315e+00,-6.092554626920059224e-01
2.071997900013934579e+00,-5.805870191223028165e-01
2.628245707540100451e+00,-7.337497332903170078e-01
3.265746993374376128e+00,-5.519626814009056526e-01
1.705372734699194481e+00,8.053072035989764510e-01
8.898039827920266598e-01,9.399710154775852144e-01
1.743786147021729960e+00,-3.443407356850938794e-01
1.588740642802979108e+00,-1.856873800215604886e-01
2.468889770804124861e+00,-7.102010875979836158e-01
2.153516209840982132e+00,6.362642722102930526e-02
1.825168034555990415e+00,7.620088082285005893e-01
7.110974096382647325e-01,9.083481282905071508e-01
1.108828113508151691e+00,9.669339876079467988e-01
2.044279947196757874e+00,-6.085225077835555441e-01
3.529250881576763810e+00,3.322985858303000029e-02
1.490008360535072907e+00,9.888299620492754238e-01
1.869143194591670332e+00,6.944938807177056805e-01
1.877816348777727073e+00,-2.827239750521349793e-01
1.714155057720072817e+00,-4.033052186434246122e-01
1.604162963446450041e+00,8.881890939896831538e-01
8.324415122467264672e-01,9.593959903064364081e-01
2.755154097526488322e+00,-8.038646435942735646e-01
2.417305302785484944e+00,-6.347805177457886971e-01
2.373333630846123032e+00,-6.969712669556636930e-01
2.146835887419517697e+00,-6.671691873905349901e-01
3.569373460321052072e+00,4.279228356403400220e-03
1.617053515946851983e+00,1.503429700882419062e-01
3.659617870745455193e+00,1.862608360142390951e-01
2.181412379035981175e+00,2.848873018568047200e-01
3.428563410384152021e+00,-2.960011092859418103e-01
1.634749223531281270e+00,7.247797916248882588e-01
3.175520204026681004e+00,-6.560725545016430349e-01
1.603678196727218008e+00,8.183366714816988630e-01
2.056946879495816116e+00,6.709165073838030402e-02
1.582270066398176578e+00,1.811452112892777966e-01
2.115641552406286152e+00,2.687421375671329993e-01
3.598629623185061632e+00,2.111731921189639039e-01
3.540789005217621632e+00,-1.219921933026464067e-01
1.555617994883671917e+00,1.459870760107457865e-01
3.502348380547130713e+00,-2.816922958221260154e-02
1.190558567426405062e-01,1.122373239686169991e-02
8.964564538597031840e-01,1.031648435743176107e+00
2.373144587324053756e+00,-7.630443944643715559e-01
3.240477317440781935e+00,-5.376586058051411321e-01
1.301935818119088095e+00,9.790536541271543935e-01
2.131966458433011802e+00,2.395263653384291092e-01
3.596317583636020387e+00,-5.665379882480890000e-02
1.891956760349559896e-01,3.497625223408625250e-01
3.509390166681008782e+00,-3.047788412237970035e-02
4.050822121804208975e-01,6.407765418269315560e-01
1.191030752894976397e+00,9.763388133908356137e-01
2.155793727939509630e+00,2.062958835840499883e-01
3.592893225379842015e+00,2.915911680234650055e-02
4.620600312521891961e-01,7.660736707702512360e-01
1.833250904899751121e-01,1.010531804177124959e-01
3.580230455899062747e+00,8.784215299305249414e-02
3.200541584006070472e+00,-5.245889347500731770e-01
2.310481107941213086e+00,-7.464899587508454504e-01
3.049991913924140707e+00,-6.208918859970742332e-01
1.582987021247080017e+00,9.152903776989848028e-01
3.103613625882085003e+00,-5.046402572980650536e-01
3.292928577094596410e+00,-4.368679032737595724e-01
1.613847035288916043e+00,2.733938680708091762e-01
3.664347004510914108e+00,2.497396850831400117e-02
3.028317959877155463e+00,-6.790266587295293865e-01
1.697989124958121820e+00,-1.554415316413108872e-01
3.597538061124542885e+00,8.050218726665279989e-02
1.539204989825359915e+00,8.174046370931855598e-01
3.338660864802154737e+00,-2.335221879214796903e-01
1.762024299505165814e+00,8.564215169827513741e-01
2.859361825343175401e+00,-6.237943894375049814e-01
3.576743626597376657e+00,1.515113577575958048e-01
2.576519390536132104e+00,-7.709083849835581814e-01
1.874806265263091687e+00,6.352561134416186972e-01
1.183510899456988952e+00,1.049741057220868079e+00
2.205001274278203027e+00,-7.116613245553046196e-01
1.959259662689476489e+00,5.447934084827437129e-01
1.434597207809872044e-01,5.351946118904837846e-01
3.254811723473393092e-01,4.595313536126999221e-01
2.590969132613378800e+00,-8.073282811293512884e-01
1.733425296761907708e+00,-2.891530881612903725e-01
2.775856656956297908e+00,-7.111575896292626764e-01
2.066420465914453608e+00,-6.513991491661340616e-01
1.748779346916355948e+00,6.633019568604016092e-01
2.046905744929195414e+00,3.389677681314224866e-01
1.699855792197030091e+00,8.589967160940020774e-01
2.069031196760520996e-01,4.939501602230227939e-01
3.559331665904697406e+00,-1.854087120522316945e-01
1.380286930235181009e+00,9.054014240754489906e-01
2.124033448427659732e+00,-5.760907941782613673e-01
3.134404967113590512e+00,-5.203021132097993551e-01
2.615565653431490833e+00,-7.905754540652656370e-01
2.042391881843081070e+00,7.092961807579000258e-03
2.947327556212557820e+00,-6.604902712188110980e-01
2.129228929132025883e+00,1.334762846169451067e-01
1.415999359460279883e-01,2.361940743568611001e-01
1.998711163243518829e+00,-4.470923995508072069e-01
1.099292385466040800e+00,1.044730482942093364e+00
8.742760118360266564e-01,1.000176955633566234e+00
2.545690589940150517e+00,-8.135488387131780685e-01
1.686864659231622099e+00,-2.106476704099184971e-01
1.799039352084574217e+00,-4.372271459353642142e-01
2.493460734781959953e+00,-6.554809161154989683e-01
3.349639588537242307e+00,-3.647433325110205904e-01
9.948424585022439537e-01,1.040563443895548446e+00
1.814259233419633910e+00,-4.471201739041522072e-01
8.114472108731525246e-01,9.751431235666936370e-01
2.592996863717368927e-01,5.622571965501586000e-01
1.620586102269566009e+00,7.679885906434996690e-01
2.862130044336200108e+00,-7.570311626880198430e-01
1.966078586441967646e+00,-6.426229695473689718e-01
3.495546704941757010e+00,-4.019765200393821125e-01
1.698955785157524323e+00,-7.646058833320509840e-02
3.368288365439298104e+00,-3.283161146964259092e-01
1.674201026907982115e-01,5.897545247341289681e-02
1.701421842332502488e+00,8.490873977683158769e-01
1.829864579049272466e+00,8.047207889589721441e-01
2.503313407682384639e+00,-7.448732745220246754e-01
3.547468606069504649e+00,-1.100968969708344958e-01
2.503564203516332132e+00,-7.851697205917098632e-01
2.107952659445626153e+00,-6.186040986997715097e-01
4.808710056256939036e-01,7.796026034672045579e-01
1.055269546534143010e-01,2.675433421932659761e-01
6.748519528348839724e-01,9.249241361049760357e-01
1.517019109554081702e+00,8.914539231095207628e-01
1.856442209376673924e+00,7.583960871301028694e-01
3.225814536199432592e+00,-5.226238599077278613e-01
1.774159032247636603e+00,-3.681585480107689157e-01
1.687098671639227776e+00,7.823095355684583918e-01
3.474976250392598498e+00,-8.689782995880650229e-02
1.421723112041749948e+00,9.184490407965744119e-01
1.821824967933707073e+00,-3.903709842102047745e-01
9.235827484573502222e-01,1.013232926118851296e+00
8.131136305058130898e-01,9.517602430233853550e-01
3.675166220367545034e-01,5.838573081607781878e-01
1.817014815806895500e+00,6.988846386900802177e-01
1.505209432744254450e+00,8.781521803158315320e-01
1.351443172622937228e+00,9.174454116809431792e-01
2.232210451430396980e-01,3.431761891262425923e-01
1.121019938980480024e+00,1.034794048641326070e+00
2.294229181082765023e-01,5.362047491056425308e-01
3.425426610016639728e+00,-1.660447409458992996e-01
2.691494290931724542e+00,-7.440854697341303670e-01
3.340905691459890026e+00,-2.424665777912951015e-01
3.060053735465462665e+00,-5.918352960629417181e-01
3.352047203776030049e+00,-3.479450791986222757e-01
1.904043012881887709e+00,6.612532842576599457e-01
1.907149506425797503e+00,-5.000306027966266997e-01
2.322127269890590096e-01,6.125423024649466752e-01
2.847788839848341080e+00,-6.985312851520228961e-01
2.730654251783614761e+00,-6.731974319267153284e-01
2.441176452982615874e+00,-7.425726638991838602e-01
3.410148686869004298e+00,-2.208720083464724981e-01
1.205909004174266830e+00,9.802163157294757623e-01
1.975687578211922979e+00,-5.729995165168446647e-01
3.422200504736889748e+00,-2.537677342948546078e-01
2.653613361054566244e+00,-8.015195989667900367e-01
2.895454564796179131e+00,-6.311195897984842595e-01
3.452291933130979817e+00,-2.715131065375187003e-01
1.916116263682424048e+00,-4.781699208647903765e-01
3.347483785705061887e+00,-4.914048703460389134e-01
2.648197542755032163e+00,-7.005672333571911770e-01
3.379860004353520964e-01,6.907147631176219216e-01
3.572429508992315927e+00,1.799160638551836888e-01
1.670163541190148093e+00,1.269635099186577909e-01
1.022891587382934508e+00,9.531165518236112133e-01
3.023422524320142024e+00,-6.523712162668439118e-01
1.198949802487293964e-01,4.100183606606886966e-01
1.170762407235707986e-01,4.652055868909299972e-03
1.846356481873024036e+00,6.551194038774679207e-01
2.250483298166384927e+00,-6.891884728666082260e-01
1.075060084578989494e+00,9.947812869407876013e-01
3.201398585862304635e+00,-4.905608151025995234e-01
1.738340515834404076e+00,-4.446662088825821812e-01
2.177532044596290461e+00,-6.463442851524475730e-01
3.853794160768539978e-01,7.367757629916574791e-01
3.565175929953478651e+00,2.421087226499832878e-01
3.126464687605028825e+00,-5.669110668448662516e-01
1.258973387933957966e+00,1.074721951291965238e+00
2.774663440127576486e+00,-7.460258276226183760e-01
2.207448080877768781e+00,-6.043297813157655352e-01
7.482026912516708261e-01,8.426179619616073202e-01
2.071109551874374954e+00,-5.907501953440835729e-01
2.692644946428149888e-01,5.240496559285501288e-01
3.350748878797702890e+00,-4.145072764585691072e-01
2.250702292229347812e+00,-7.117176816920860460e-01
3.992726727882929261e-01,7.189341300138120117e-01
1.042342374252646309e+00,8.666280370406514999e-01
2.594448881890736747e+00,-8.698949615593067897e-01
1.889231476997839998e+00,-4.663010612144115052e-01
1.942916769470580007e+00,-4.907185988532326015e-01
1.004440130105108908e+00,9.899555869779700368e-01
4.445590198192559961e-01,6.631002553563234425e-01
3.636178885210811229e-01,7.397758587210745418e-01
1.254701543326572910e+00,9.967524765686743837e-01
3.597518964049488677e+00,-7.268587745413750134e-02
2.877050696178323097e+00,-6.558985833316729464e-01
1.705790521333274135e-01,1.015962382202190983e-01
5.642344864413213479e-01,8.512914999877093658e-01
1.476940355988292986e+00,1.717118826610750104e-01
1.929418176546950026e+00,-5.265971195231465840e-01
3.550110543638695049e+00,1.346723857950750947e-01
3.575441771406693725e+00,-1.876403377919299009e-01
3.385303762970661268e+00,-3.099167983655807812e-01
1.884738606644585701e+00,-4.284700022305055755e-01
3.196266283062596525e+00,-5.699082654434055595e-01
2.887504492495439390e+00,-7.236994627990962492e-01
1.995597092409168383e+00,-5.909817299546082925e-01
3.180634631183544503e+00,-5.004036441729889928e-01
1.667914510398816885e+00,-1.137840404833393992e-01
3.490456964573683152e+00,6.755333310496890176e-02
1.646838958973685596e+00,-1.735810332882422868e-01
2.904601834858037801e+00,-7.210891785627221440e-01
1.953780509248240982e+00,4.181767970733138995e-01
1.170436765575666893e+00,1.029881738552040904e+00
2.217084366117710204e+00,-7.056865878347495791e-01
1.648062378728982313e+00,8.712548832350971439e-01
1.601703601754421502e+00,1.815968216790739970e-02
2.056056375234446953e+00,2.298046002599019033e-01
1.663738384281595595e+00,-3.005952474696440072e-02
1.695992008131500750e+00,7.826122428257578090e-01
1.996263768854052101e+00,-5.787827196362138604e-01
3.353716433117611917e+00,-4.452396717451905794e-01
3.238811304765583987e+00,-5.110286666010861456e-01
3.168527063718416414e+00,-5.508509874578066956e-01
3.509576884532862096e+00,-1.702575797595236862e-01
2.450594168129066386e+00,-7.367565609411477201e-01
1.941277573876744489e+00,5.651412799070576476e-01
1.695188584979463231e+00,-1.653730998065796876e-01
1.167841013763155189e+00,1.026816561161334018e+00
2.538674476536639801e+00,-8.110516183525553480e-01
1.648622087361871547e+00,-1.576732641823881120e-01
2.293844249416753023e+00,-6.218903682603236227e-01
1.483331845331959942e-01,1.829189720690934107e-01
1.644957456683104891e+00,5.941097191523999569e-04
3.386638774820140085e+00,-4.036972001584022141e-01
1.408619649791539752e+00,8.992626732748483231e-01
2.903981432370162930e-01,5.696317575774928477e-01
2.890109744181914575e+00,-6.753054616573801461e-01
2.982430202565882760e-01,5.552874891305406013e-01
2.692825883246843244e+00,-7.689382845453103243e-01
3.131455446502642292e+00,-5.468508942916969762e-01
1.272021123398953124e+00,9.008222562513401588e-01
2.039209932008544168e+00,-5.498257762065889703e-02
2.718704059073313584e+00,-7.357045439885663285e-01
1.968847286902666971e+00,-5.001967865427847659e-01
3.554169108028825796e+00,-2.061899751038736017e-01
1.848914383773510695e+00,-4.771113307594498920e-01
2.586717040942462020e+00,-8.096217228214832584e-01
1.596259152010616411e+00,-6.545987713120990370e-02
2.360170578394757968e+00,-7.364987917356861091e-01
2.194270025012136749e+00,-6.731014785125701838e-01
1.845346272304048796e+00,6.777489151718835148e-01
2.954007996689387738e+00,-5.599985509265770212e-01
2.408682577942547809e+00,-6.920895878541432067e-01
1.732849762115734382e+00,-2.081109766111383930e-01
3.438534016979202801e-01,5.323517097321465164e-01
1.572154451371582162e+00,6.383728440462420328e-02
2.083723783856273215e+00,2.253268053322804998e-01
2.058971177193577695e+00,1.487937950757931005e-01
2.756467696934037814e+00,-7.106085424901424918e-01
3.124801512581573792e+00,-5.599236494641087747e-01
1.476635171186222895e+00,9.333919037100043559e-01
1.747556688351299847e+00,7.949502064180195005e-01
2.144172237209902576e+00,2.061980698699696912e-01
3.274746494226756788e+00,-4.099185677909861769e-01
1.234665754329601572e+00,1.045099959603982054e+00
8.007031452770389801e-02,-2.041432845460919993e-02
2.765813299637404743e+00,-8.679021184258470800e-01
3.465546921341393083e-01,6.390572981450053369e-01
8.152150717050830053e-01,9.333161402422115449e-01
2.948363651336657898e-01,5.291682973157141312e-01
2.119900301629908945e+00,-5.824600502741289487e-01
2.760098832593919083e-01,5.688352326721352048e-01
1.796405060260788389e+00,-2.683820301324463808e-01
8.373938147768029971e-02,-5.047730941467040017e-02
1.825449466010157895e+00,6.775605785555953720e-01
2.001591876869076803e+00,3.919299919746030980e-01
2.123384070444223892e-01,1.945251801458754981e-01
2.012683157045271898e+00,-5.773782547665580189e-01
1.827648214216264000e+00,7.266915290237454528e-01
3.500230893512759511e+00,1.453493792458463996e-01
1.646556312217435369e+00,1.645851775424460872e-01
3.120577794677840355e+00,-6.465605112268295596e-01
3.447651633042130292e+00,2.700992419245399831e-02
2.080745992639328357e+00,4.418917406497506750e-01
3.014333773157519936e+00,-6.772886341916493080e-01
2.157224049023588108e+00,1.342348865555803017e-01
1.640844073504706069e+00,8.655180578975504302e-01
2.048392558546721087e+00,2.761789058580982892e-01
4.274784559510109994e-02,-1.705441664861689910e-02
4.317096312972024119e-01,7.325257918980794258e-01
1.521823691458159100e+00,9.279765263168211487e-01
2.555446723965883127e+00,-7.501340667227457404e-01
1.338790270649818925e+00,9.511044577331956296e-01
2.812807278520081056e+00,-6.438404628498544113e-01
2.050606244350654972e+00,3.443034222866149796e-01
3.352428693748805699e+00,-4.902889275361739796e-01
5.929554513154470241e-01,9.180462031788716448e-01
2.671637384019409200e+00,-7.479585890635959133e-01
2.387379243229851067e+00,-7.181693056022481203e-01
2.442448035787114780e+00,-6.678028350523551593e-01
7.743569567101262763e-01,9.452570941062180543e-01
2.233640279372218096e+00,-7.543479855116628219e-01
1.116117909052919410e+00,1.040448301006181797e+00
2.410238577944066041e+00,-7.004704973128212941e-01
1.907932041939159884e-01,3.336991752755426033e-01
1.483437748275726054e-01,2.414966578436860967e-01
3.539817792871381652e+00,1.760241324514668082e-01
3.053393668359075441e+00,-7.419269546479593247e-01
3.301531723348390734e+00,-5.529072789511868535e-01
9.500129324181262325e-01,9.848957397859999796e-01
1.372172409802424609e+00,1.000342228969762770e+00
1.726191579435229606e+00,8.158800591916901546e-01
1.627861902491758439e+00,-9.755547261828989569e-02
2.488467173490080508e+00,-7.493570847729971174e-01
3.604696830853605927e-01,6.359107992573944657e-01
2.236234700835115774e+00,-6.795685704097019775e-01
1.932153243286310884e-01,1.195583161404648043e-01
3.010505342722536337e+00,-6.767845476641276559e-01
2.699712205563007394e+00,-8.242754996974517301e-01
1.829660975199236095e+00,6.178248779350896669e-01
1.748370376259492431e+00,-1.785669353434246875e-01
3.049652415232528835e-01,7.235666469825520197e-01
2.051300041790688145e+00,-7.676642286508519875e-02
3.473474418387840323e+00,-1.636403895384268004e-01
3.497025042359243052e+00,1.367739263941996075e-01
1.710384419856037175e+00,-1.889691905479040923e-01
1.986932597516190890e+00,5.024329383266081805e-01
1.379074922942318704e+00,9.702952661304375948e-01
2.093776367399678762e+00,1.717890736536283047e-01
2.824902444720108097e+00,-6.747528966551019636e-01
1.650883429333014796e+00,2.503388639021644213e-01
1.289751633407937026e-01,4.842340992822757872e-01
1.793773549837658909e-01,2.027090020056800113e-01
4.265447564504152855e-01,7.567035860284822002e-01
2.030272584793028745e+00,5.783206702822696332e-01
5.293797622037423878e-01,9.301751369119971580e-01
3.393107149515981025e+00,-3.617260298126734885e-01
1.653847683515066835e+00,-2.232928790967532995e-01
5.355732858576798261e-01,8.495053023268581693e-01
2.736915758474470106e+00,-7.150921552723530361e-01
1.117001744730067081e+00,9.915220663397655843e-01
2.119212308647720810e+00,9.123679877099280522e-02
6.256745952219461282e-01,8.942218899566153345e-01
1.865716656017764041e+00,-3.634257678759282850e-01
3.459938705587217167e-01,6.437927678617090255e-01
1.037733134018776093e+00,1.053593642871319513e+00
1.648925615086790808e+00,8.163120857164957167e-01
3.147515451996598213e+00,-5.636291646838624825e-01
3.554218563406836395e+00,1.624179709225863910e-01
2.068900831522137551e+00,-5.601468208498665557e-01
3.088885008290601863e+00,-6.085847844214687941e-01
1.315824000403928995e-01,1.169229185362122003e-01
3.512952855169584332e+00,1.410040455489693090e-01
1.661287848119171962e+00,2.588865294391419214e-01
3.088722054412047058e+00,-5.356272532058017344e-01
1.138391825779169642e+00,9.681850055625798035e-01
1.682905321359341899e+00,-1.153435324445287041e-01
3.214667770943262060e+00,-4.395166388286573245e-01
1.705856560137353650e+00,-1.439832468635512952e-01
2.256250602312748210e+00,-6.390865981012991970e-01
1.585552900649591423e+00,8.908023308240708982e-01
2.834843243608151209e+00,-7.800059382894151128e-01
2.196744062335321601e+00,-8.016589745627906716e-01
1.450426325096483005e-01,1.597367458312188016e-01
2.148150779342120842e+00,-7.471146888936760488e-01
1.557581604256117691e+00,1.872884642808866074e-01
2.080459603674635005e+00,3.562673459717907165e-01
1.316967025187558982e-01,1.379387515057111935e-01
1.748082854938417530e+00,-1.697393696113247974e-01
3.176535843805865955e+00,-5.581288321721642465e-01
2.601516177371597127e+00,-8.018191270267813753e-01
1.097779870441701000e+00,1.008121644708765086e+00
2.063287642503025765e+00,1.483254517067454092e-01
6.671246525022846985e-01,8.652922240987654945e-01
1.432552384472196016e-01,1.661899150033492034e-01
1.533617282743164223e+00,8.720473790292391225e-01
9.931160552756214122e-01,9.627746232001044291e-01
3.518592518006384839e+00,2.679187708283519917e-02
1.409488524806176812e+00,8.647710523126370674e-01
3.888064379736198006e-01,6.581196686990107292e-01
2.985712381088132084e+00,-7.965862304424173868e-01
1.797299531353497015e-01,5.160844279669387635e-01
1.288845278366858027e-01,9.269477750950169681e-02
5.602306033379887973e-01,8.399209148346866716e-01
2.693109163534187722e+00,-6.629282672912731877e-01
6.915488579586861473e-01,9.508906911764920533e-01
2.011937659431302095e+00,-5.720127397790966128e-01
1.738234793914945397e+00,7.672789717451684588e-01
2.077662086985241796e+00,-5.181105581944324134e-01
3.268560237147414060e+00,-4.501777571674139833e-01
1.879717091516702077e+00,5.693084514974618981e-01
4.150005539782358754e-01,6.406910264205575301e-01
1.889559013942359922e+00,5.507458266987093065e-01
1.325585595663451022e-01,2.256235831568007000e-01
5.844926788276143537e-01,8.393728919656983090e-01
1.334004266102410297e+00,9.973794456364956096e-01
2.363209218306830048e-02,2.769109150076919934e-01
1.897420142256477149e+00,5.736843355335750072e-01
1.891107968162795139e+00,-3.549068168068428841e-01
2.098838114981077752e+00,6.072464380436810166e-02
2.334260193173105957e+00,-7.138932538587637877e-01
2.035924552480076866e+00,5.432224447970732673e-01
1.904787642644272694e+00,5.730642907156375809e-01
9.612407690110024161e-01,9.522106028131549493e-01
3.252704369844146459e+00,-5.579192974488751400e-01
1.631740056685651863e-01,3.278935984752167077e-01
1.900926794545869658e+00,6.077717126326210861e-01
3.196219540263826708e+00,5.305869534842841961e-01
4.720612444810276642e+00,8.071206917588000795e-01
4.912331189875819959e+00,5.078104062937839336e-01
3.835342849773217822e+00,1.022775757796375196e+00
3.622677403658297823e+00,9.342365814558392101e-01
4.521246932120045692e+00,9.515075766286675840e-01
3.393949742919760926e+00,7.255288065374311257e-01
4.229703458078383882e+00,9.283872946027531547e-01
4.204795700589697205e+00,1.015937797668657661e+00
4.825322046413980104e+00,6.353374225167822686e-01
3.536588858087295950e+00,8.714835294467723203e-01
4.597444342477816193e+00,7.816641355572947480e-01
3.046674822434191743e+00,4.177826991749530178e-02
3.305667106938583899e+00,6.095355254121818112e-01
4.365753032197946304e+00,1.080074093288222015e+00
4.982459029185664079e+00,3.059799824482292152e-01
3.496729058086400332e+00,9.746810917114400175e-01
4.870185567429855311e+00,5.732687838495221788e-01
3.650223347842136867e+00,9.626317486450024496e-01
3.702119809751645896e+00,9.451616576493192534e-01
3.919424734082523898e+00,9.559097035285315513e-01
3.172153284618366875e+00,3.279031765427942169e-01
4.006028871612358877e+00,9.895194662423527632e-01
4.976819874483888739e+00,1.701308288612148889e-01
4.980405981705072094e+00,1.795255739860948940e-01
5.002285615833038435e+00,7.038051427651000058e-02
4.177486326768041991e+00,1.017659667404467116e+00
3.878051673213211981e+00,9.020976159451495890e-01
5.050338245014606819e+00,2.004930803494920921e-01
4.231493745708035270e+00,9.778536919017272178e-01
4.966862327528513532e+00,3.879432914489442941e-01
4.784472628171911879e+00,5.874255696312145059e-01
3.043795778816004383e+00,3.124842090541059964e-02
3.814449121250564012e+00,9.173953823265483809e-01
3.803749844824992898e+00,9.818751419426924310e-01
4.975290792522345740e+00,1.962078180587618903e-01
3.621918024741130004e+00,8.943725943657548916e-01
4.990868714941714579e+00,3.330156835830196949e-01
3.940626282739739139e+00,8.786468540068699262e-01
4.862818153803170063e+00,3.821727952208590073e-01
3.668719829196366966e+00,9.068915596643668531e-01
3.487873452994700862e+00,9.109017649699809871e-01
3.397670908257267808e+00,7.076571700403768705e-01
3.060002886211935724e+00,3.239655128741004142e-01
4.184976787520414909e+00,1.005914375322909615e+00
3.134959231748571717e+00,2.678297270598569146e-01
4.816838900108045607e+00,5.551683580203007340e-01
4.884310928366211613e+00,3.463938451632262994e-01
3.545800659493952622e+00,7.874521362554806059e-01
4.027612326778672980e+00,9.232037901643551647e-01
4.627781950217887186e+00,8.688608803652028145e-01
4.948342626684372192e+00,5.213481084190840775e-01
3.166633525780270908e+00,4.403520049543011017e-01
4.503243426436647212e+00,9.692826800458621550e-01
3.802557945500208980e+00,9.677030193556848126e-01
3.201175340198926911e+00,4.451950917109070982e-01
3.901829595068269541e+00,1.022867483802494926e+00
4.064636872526203426e+00,1.060801313822783420e+00
3.062851850869861003e+00,3.856379436662886739e-01
3.915222497055976802e+00,8.710118269347479902e-01
4.935159536214234421e+00,3.790723293531126914e-01
4.751060542119875940e+00,6.454084399548247752e-01
4.203339776563835173e+00,9.239581410603652234e-01
4.929100245035444416e+00,9.637557897209909907e-02
4.883624804678012410e+00,4.720621422145344082e-01
4.991735260431463317e+00,2.322056420650192021e-01
4.169370042330323045e+00,9.666812918601039861e-01
3.762627525528845496e+00,9.840977040474719884e-01
4.054095002325409425e+00,9.407220428533600298e-01
3.620227205197321219e+00,8.815550652203666404e-01
4.700740963902609870e+00,8.855053296429824528e-01
3.115566945554836487e+00,4.557666673704324767e-01
3.022626219493291799e+00,2.360795210095250063e-01
3.584818654499269286e+00,8.677875086300840257e-01
4.925597777318321491e+00,3.684129836674109870e-01
3.757803587850584215e+00,9.894935919118411638e-01
3.693562190427420955e+00,9.952617060793371717e-01
3.633934534505093517e+00,9.523605810736690547e-01
3.373898804786188865e+00,7.218877567390230565e-01
3.011584989148595959e+00,1.503308507766883961e-01
4.828687366542934178e+00,6.585111949234370154e-01
3.082380187950827910e+00,7.284101935356899864e-03
3.384084042269637216e+00,7.598724528111099330e-01
4.047483119639786686e+00,9.320862835818459757e-01
4.053127571842557231e+00,1.008893443462513417e+00
3.099089628626902737e+00,-4.060102668459390080e-02
3.309583886217995818e+00,6.745257125585686353e-01
4.664663068158559689e+00,7.658753623569184432e-01
3.440067312768182450e+00,7.611171626442351235e-01
3.366840874672259787e+00,6.453018117036438683e-01
4.339631838210838310e+00,8.925345009852251321e-01
4.260194347311392349e+00,1.005376290206583034e+00
3.136458126541474822e+00,6.250913250599690052e-01
3.586678801069504541e+00,8.577880033925252556e-01
4.260913754117452434e+00,9.326054282019068387e-01
4.967498753278732693e+00,4.544214481454152965e-01
5.046799174015993650e+00,1.801186173203900009e-01
4.493861272413741226e+00,8.593094307720844371e-01
2.970548630111444321e+00,9.375552298312399627e-03
4.876004152131106828e+00,4.261339478443182949e-01
4.637608966409681344e+00,8.254125216022236700e-01
3.598435718097231728e+00,8.165426656934835492e-01
4.040084146631851780e+00,9.714448094213273821e-01
3.722040756842352138e+00,1.028654191024786835e+00
4.981986705483156364e+00,2.670293326736062900e-01
5.087509976555413260e+00,4.375671133118679695e-02
3.460575734273583226e+00,7.664914852608554208e-01
3.448703845759376385e+00,8.826265104252563054e-01
3.034661749597256986e+00,1.789454932929465114e-01
4.998164310968872925e+00,2.164966819737342008e-01
4.967581192871244333e+00,1.674674984914968912e-01
4.185288153114419707e+00,1.049691037774349578e+00
4.345636467839430139e+00,9.728541528373592095e-01
3.479937419353400063e+00,8.931880707864593427e-01
5.012853966119491744e+00,2.946595617155790131e-02
4.375253609414068379e+00,9.537140769604843804e-01
3.611797457148087975e+00,1.037485833477008290e+00
4.806509657500909860e+00,7.226740159027809085e-01
3.049378393854457414e+00,3.922355866186905127e-01
4.962949932617441995e+00,4.749728652333637946e-01
4.928178363466162004e+00,4.418462716737969753e-01
3.879206536827452201e+00,1.012563719879268742e+00
4.927900933821725893e+00,4.593450358638574982e-01
3.121870519291958246e+00,6.056404797302540333e-01
3.533965447185328124e+00,9.107940636281776081e-01
4.959854760564221365e+00,1.785388719359580142e-02
3.048005319075385078e+00,2.741098175683517879e-01
4.889843663132966256e+00,5.038333552077577382e-01
3.892532149553305842e+00,1.020642511038330369e+00
3.454200595154031994e+00,8.407084149111261340e-01
3.290744004372252451e+00,7.000376304130725424e-01
3.304055476254526003e+00,6.420506891671954319e-01
3.033204174824039701e+00,4.883933733048300037e-03
4.765154284810941832e+00,6.988473764149678580e-01
4.041964358704602134e+00,1.022621789994372810e+00
4.931494307975173186e+00,2.035193193180434013e-01
4.325079709044464593e+00,9.639785446425319648e-01
4.924738616457976725e+00,4.556048494981407848e-01
4.152350909779510602e+00,1.013196854399180502e+00
3.763474019158024042e+00,9.710435287885351707e-01
4.288044339732564048e+00,9.932291355359536000e-01
3.347600731538245888e+00,8.531919997908745668e-01
3.048701918514788112e+00,3.244471130378394075e-01
4.229583950759813860e+00,9.773646970897695851e-01
3.098397895455996753e+00,2.503431576011960757e-01
3.452108389385712961e+00,7.464152312408232071e-01
3.063155217235008720e+00,1.424986937123537967e-01
3.092139060235192805e+00,5.098904719734667079e-01
4.959537814273358158e+00,2.887937450616880064e-02
4.533955948865107999e+00,7.981273131858493963e-01
3.160826635204136981e+00,4.396666098985431148e-01
2.931412379035981175e+00,7.267437177451359365e-02
3.156322310094773709e+00,5.223149863127989345e-01
3.603162311435625043e+00,7.705942625598919404e-01
2.993646279545346012e+00,3.354378683085142976e-01
3.155514448569638475e+00,3.242285609034321059e-01
4.142925170555618486e+00,9.115123363221447894e-01
3.429979881704252609e+00,7.909478758543163623e-01
4.364380911914754080e+00,9.833737188823278297e-01
4.925011068099895972e+00,4.302512501908781206e-01
4.704426033007620411e+00,7.989226098393424902e-01
3.684654186175504886e+00,9.490554440705047945e-01
3.513131041447743019e+00,7.703485414808246556e-01
3.099497991565486998e+00,7.298159439471729737e-02
4.744945832479374737e+00,7.078223296189133373e-01
3.751535585062499401e+00,8.845639326784838774e-01
5.064363249617793272e+00,-3.674552072388990315e-02
3.613894812007184765e+00,9.363076866507515916e-01
3.068448985144090813e+00,9.944945598953110200e-02
3.139956550929217993e+00,4.674170060188140852e-01
4.555756319889884054e+00,9.385110390286733884e-01
4.759272338865444318e+00,6.815114340126481318e-01
3.167648828028538865e+00,6.421184651234795870e-01
3.104264002618508211e+00,4.415477213945425139e-01
4.850774360436468591e+00,5.718519299920480359e-01
4.479292846591620858e+00,1.014332269677489906e+00
3.825879327865323809e+00,9.264541655421087984e-01
4.932239288531803822e+00,5.072156999570544000e-01
3.784654559811956087e+00,9.320171181555847451e-01
4.667353447120980547e+00,7.658466061313840001e-01
3.679789793987545021e+00,9.539462745602483862e-01
3.226740970017075050e+00,4.394927142688569988e-01
3.640623943699554221e+00,8.255152924019483196e-01
4.627882570015676933e+00,7.170502306991369812e-01
3.154098706499267379e+00,4.994334683965427901e-01
4.660721977106528691e+00,7.625012604658196746e-01
3.058979454490572625e+00,3.217070162263001021e-01
4.575999547502176412e+00,8.877069503252680294e-01
4.969117961939684136e+00,1.308828644528859109e-01
4.390761744502756692e+00,9.728034344433351688e-01
3.230145571268497218e+00,5.632723591391211038e-01
4.565352043775639856e+00,8.758606756143165750e-01
4.654967743959961268e+00,7.948343213229538406e-01
4.479437394230072478e+00,9.445576042501078184e-01
5.065853784888965983e+00,6.774538386884559893e-02
2.987476664002516547e+00,1.141756758226248059e-01
4.882549998468933339e+00,5.092356472357061348e-01
4.233727190196364454e+00,9.823731466909507715e-01
4.617087847928644351e+00,8.177573819797910870e-01
4.116989203414675558e+00,9.456267425872340038e-01
4.248192519893047248e+00,9.855019749233040471e-01
4.726416149493292806e+00,6.989704640420543180e-01
4.398720737573657225e+00,9.155444182071690307e-01
4.976832493460069173e+00,2.347233519942422131e-01
4.830875590174610323e+00,5.973529776217952891e-01
4.899920788205395006e+00,3.909265265004409073e-01
3.233185265309396872e+00,6.722924279598369024e-01
3.049648409691460671e+00,3.407583847214366024e-01
5.087141879507562692e+00,1.346918486709519081e-01
3.102302783982263890e+00,2.382146970526554108e-01
3.411345563223532995e+00,9.517795979001497653e-01
4.927385789165196428e+00,3.135915093832460920e-01
4.004099412270497815e+00,9.397949553902924524e-01
3.031692644589688790e+00,3.246979336488399759e-01
5.036163153454523034e+00,1.991880122406352871e-01
3.055062405609680454e+00,7.782114468558559706e-02
3.074193215884935437e+00,3.372709972657453870e-01
3.398052314903785120e+00,7.965253008349385544e-01
4.882124204378381904e+00,4.772883334123351751e-01
4.979429935975153931e+00,3.392788180250035923e-01
3.927319957453564214e+00,1.055541643578897126e+00
3.753871664504040861e+00,9.500045280851552310e-01
3.411293956174527242e+00,7.213348770226666318e-01
3.458766096703885573e+00,8.525040796958357481e-01
3.045398187168035786e+00,2.693533426586962043e-01
3.932457646984586219e+00,1.073909222718078649e+00
5.072582681907635838e+00,1.051489326854958967e-01
4.407747124271821804e+00,9.290136591624825746e-01
3.387243199996180287e+00,7.238574189589926933e-01
4.233182415971614709e+00,9.934997453960699998e-01
4.528976318936225098e+00,9.315553481927828505e-01
3.254205982874506020e+00,5.443117179779970449e-01
4.580930193092939362e+00,8.915231978162554416e-01
4.162609141450699823e+00,1.053727062079582222e+00
3.296588476549559221e+00,7.276645708345509389e-01
3.171914232873120465e+00,5.197716874164034495e-01
4.972991081972882199e+00,4.028802252717473831e-01
4.859977925170372082e+00,6.317714989594120922e-01
3.238778893276612170e+00,5.781213859289690005e-01
4.845237885733541638e+00,6.817100559603938015e-01
4.718960400412074208e+00,6.023523503119779798e-01
3.145761088047568155e+00,4.526083586914133039e-01
3.102354400576653681e+00,2.782880324340885059e-01
3.109482489058325694e+00,6.096430647478994214e-01
4.959094250480839960e+00,5.098189141095730292e-01
4.894283825249147846e+00,4.896726930570928782e-01
3.630794778294651248e+00,8.405416554908717863e-01
4.915472598597530052e+00,5.919600470221493271e-01
4.897069900598263636e+00,1.092450334391471961e-01
3.219543511451966378e+00,5.596615951794869925e-01
5.025727117735227623e+00,1.991506445377352053e-01
5.012881063114559055e+00,2.901899106002602258e-01
3.651358620253796872e+00,8.235013878063499604e-01
4.517025241039918981e+00,8.811995104489155350e-01
3.095594851329914299e+00,-2.619973060133600189e-03
4.820032509318344260e+00,6.273754137551936783e-01
3.047113188158182773e+00,4.520971395643901825e-01
4.524892146147376337e+00,8.906354373500319221e-01
3.079057645447884184e+00,3.594779963820239899e-01
3.161989984615809046e+00,5.686159968568669232e-01
4.523912746306763211e+00,9.365310458982260000e-01
3.262690416122400183e+00,5.540764057933456055e-01
3.251163481059915039e+00,6.209591838506415273e-01
3.996026544323754592e+00,9.423341023576533582e-01
3.537831348209056426e+00,8.629537052218355653e-01
5.068809613010241577e+00,9.913384146619350079e-02
3.580641600920540402e+00,8.618041244975990223e-01
4.154895337923234067e+00,1.013402509468586787e+00
4.400908889214316666e+00,1.023843670707275111e+00
4.988147338859024948e+00,1.223014150437775061e-01
3.395429251518534031e+00,7.564191790890565370e-01
3.483931500488453015e+00,8.496420275164502378e-01
3.147368376997035533e+00,5.057299257128747838e-01
4.304315882328907605e+00,1.057953303140150902e+00
4.836038983651896217e+00,5.563107155071794763e-01
4.915533918472133834e+00,4.122105945880624733e-01
3.787192967709050784e+00,9.509819363304263806e-01
3.048409438376366687e+00,4.026485822853260177e-01
4.590972862277325817e+00,8.466241570008279371e-01
4.944596102498980628e+00,4.532358091802570765e-01
3.097467750548931420e+00,3.715828859500071024e-01
4.367060954712756349e+00,9.257037629236953835e-01
3.955118313480321390e+00,1.016124126762734337e+00
4.188509452812147593e+00,9.679831533207046146e-01
2.949459182735937102e+00,8.551006422359999637e-02
4.797026559286350356e+00,7.401986887743577936e-01
4.781355688364333112e+00,6.912617761978903097e-01
4.769835330016602981e+00,6.912719677427131559e-01
3.024187095416036808e+00,1.371743246128057925e-01
4.964466739152451957e+00,2.930469360353559760e-01
3.380856937619769020e+00,7.303787147472682317e-01
3.935189201030287798e+00,9.909734747559312273e-01
5.053938328216608156e+00,3.571915030054305107e-01
3.392438360483712501e+00,7.973631230391342584e-01
4.376208043918861534e+00,9.283639175083587824e-01
4.043648224455644424e+00,1.013929528600161500e+00
3.084471428791978109e+00,2.475409427219776026e-01
3.697159949190660821e+00,8.297071581830998133e-01
3.468499959249699227e+00,8.882478415102900149e-01
4.601225779534171778e+00,7.858833180860436141e-01
4.715447149618050560e+00,6.022763776161988991e-01
4.913084442676428409e+00,3.718083436833463096e-01
3.426524326569446721e+00,8.563632726474140755e-01
4.683065312204626629e+00,7.400800529100178826e-01
3.114499848241277569e+00,1.254958296253946004e-01
3.209765534753821203e+00,6.150166980415612272e-01
3.677516778422494248e+00,9.537314208270357696e-01
4.934193429979712775e+00,1.256270419237187908e-01
3.214885479452477046e+00,5.798832810346422617e-01
5.016704995463385330e+00,2.919937556919383059e-01
4.502817999729549214e+00,8.888324350466478840e-01
4.057095612321647948e+00,9.524704346068340044e-01
4.636785113735175656e+00,8.053072035989764510e-01
3.821216361828008168e+00,9.399710154775852144e-01
5.084928588876962863e+00,6.362642722102930526e-02
4.756580413591970924e+00,7.620088082285005893e-01
3.642509788674245907e+00,9.083481282905071508e-01
4.040240492544132422e+00,9.669339876079467988e-01
4.421420739571055414e+00,9.888299620492754238e-01
4.800555573627651285e+00,6.944938807177056805e-01
4.535575342482431438e+00,8.881890939896831538e-01
3.763853891282708197e+00,9.593959903064364081e-01
5.112824758071962350e+00,2.848873018568047200e-01
4.566161602567262889e+00,7.247797916248882588e-01
4.535090575763199183e+00,8.183366714816988630e-01
4.988359258531796847e+00,6.709165073838030402e-02
5.047053931442267327e+00,2.687421375671329993e-01
3.050468235778621917e+00,1.122373239686169991e-02
3.827868832895684914e+00,1.031648435743176107e+00
4.233348197155068604e+00,9.790536541271543935e-01
5.063378837468992089e+00,2.395263653384291092e-01
3.120608055070936970e+00,3.497625223408625250e-01
3.336494591216402128e+00,6.407765418269315560e-01
4.122443131930957350e+00,9.763388133908356137e-01
5.087206106975490805e+00,2.062958835840499883e-01
3.393472410288170593e+00,7.660736707702512360e-01
3.114737469525956204e+00,1.010531804177124959e-01
4.514399400283060970e+00,9.152903776989848028e-01
4.470617368861341312e+00,8.174046370931855598e-01
4.693436678541146989e+00,8.564215169827513741e-01
4.806218644299072196e+00,6.352561134416186972e-01
4.114923278492970127e+00,1.049741057220868079e+00
4.890672041725457220e+00,5.447934084827437129e-01
3.074872099816968518e+00,5.351946118904837846e-01
3.256893551383320595e+00,4.595313536126999221e-01
4.680191725952337123e+00,6.633019568604016092e-01
4.978318123965176589e+00,3.389677681314224866e-01
4.631268171233011266e+00,8.589967160940020774e-01
3.138315498712033413e+00,4.939501602230227939e-01
4.311699309271162406e+00,9.054014240754489906e-01
4.973804260879062689e+00,7.092961807579000258e-03
5.060641308168007058e+00,1.334762846169451067e-01
3.073012314982009219e+00,2.361940743568611001e-01
4.030704764502021753e+00,1.044730482942093364e+00
3.805688390872008053e+00,1.000176955633566234e+00
3.926254837538225129e+00,1.040563443895548446e+00
3.742859589909133700e+00,9.751431235666936370e-01
3.190712065407717901e+00,5.622571965501586000e-01
4.551998481305547628e+00,7.679885906434996690e-01
3.098832481726779164e+00,5.897545247341289681e-02
4.632834221368483441e+00,8.490873977683158769e-01
4.761276958085253419e+00,8.047207889589721441e-01
3.412283384661675800e+00,7.796026034672045579e-01
3.036939333689395504e+00,2.675433421932659761e-01
3.606264331870865814e+00,9.249241361049760357e-01
4.448431488590062877e+00,8.914539231095207628e-01
4.787854588412654877e+00,7.583960871301028694e-01
4.618511050675208729e+00,7.823095355684583918e-01
4.353135491077731345e+00,9.184490407965744119e-01
3.854995127493331175e+00,1.013232926118851296e+00
3.744526009541794487e+00,9.517602430233853550e-01
3.298929001072735900e+00,5.838573081607781878e-01
4.748427194842876453e+00,6.988846386900802177e-01
4.436621811780235625e+00,8.781521803158315320e-01
4.282855551658918181e+00,9.174454116809431792e-01
3.154633424179020817e+00,3.431761891262425923e-01
4.052432318016460755e+00,1.034794048641326070e+00
3.160835297144257705e+00,5.362047491056425308e-01
4.835455391917868440e+00,6.612532842576599457e-01
3.163625106025039990e+00,6.125423024649466752e-01
4.137321383210247561e+00,9.802163157294757623e-01
3.269398379471333271e+00,6.907147631176219216e-01
3.954303966418915905e+00,9.531165518236112133e-01
3.051307359284710863e+00,4.100183606606886966e-01
3.048488619759551987e+00,4.652055868909299972e-03
4.777768860909005433e+00,6.551194038774679207e-01
4.006472463614970891e+00,9.947812869407876013e-01
3.316791795112835395e+00,7.367757629916574791e-01
4.190385766969939141e+00,1.074721951291965238e+00
3.679615070287651779e+00,8.426179619616073202e-01
3.200676873678796053e+00,5.240496559285501288e-01
3.330685051824274101e+00,7.189341300138120117e-01
3.973754753288627928e+00,8.666280370406514999e-01
3.935852509141089861e+00,9.899555869779700368e-01
3.375971398855237116e+00,6.631002553563234425e-01
3.295030267557062409e+00,7.397758587210745418e-01
4.186113922362554085e+00,9.967524765686743837e-01
3.101991431169308644e+00,1.015962382202190983e-01
3.495646865477302523e+00,8.512914999877093658e-01
4.885192888284222157e+00,4.181767970733138995e-01
4.101849144611647624e+00,1.029881738552040904e+00
4.579474757764963044e+00,8.712548832350971439e-01
4.987468754270428128e+00,2.298046002599019033e-01
4.627404387167482369e+00,7.826122428257578090e-01
4.872689952912725886e+00,5.651412799070576476e-01
4.099253392799136364e+00,1.026816561161334018e+00
3.079745563569177058e+00,1.829189720690934107e-01
4.340032028827520705e+00,8.992626732748483231e-01
3.221810522272997357e+00,5.696317575774928477e-01
3.229655399292569395e+00,5.552874891305406013e-01
4.203433502434934965e+00,9.008222562513401588e-01
4.970622311044524899e+00,-5.498257762065889703e-02
4.776758651340029971e+00,6.777489151718835148e-01
3.275265780733901622e+00,5.323517097321465164e-01
5.015136162892254390e+00,2.253268053322804998e-01
4.990383556229558870e+00,1.487937950757931005e-01
4.408047550222203625e+00,9.333919037100043559e-01
4.678969067387281022e+00,7.949502064180195005e-01
5.075584616245883751e+00,2.061980698699696912e-01
4.166078133365582303e+00,1.045099959603982054e+00
3.011482693563685142e+00,-2.041432845460919993e-02
3.277967071170120761e+00,6.390572981450053369e-01
3.746627450741064180e+00,9.333161402422115449e-01
3.226248744169646798e+00,5.291682973157141312e-01
3.207422262295373194e+00,5.688352326721352048e-01
3.015151760513661294e+00,-5.047730941467040017e-02
4.756861845046138626e+00,6.775605785555953720e-01
4.933004255905058422e+00,3.919299919746030980e-01
3.143750786080404147e+00,1.945251801458754981e-01
4.759060593252245397e+00,7.266915290237454528e-01
5.012158371675309532e+00,4.418917406497506750e-01
5.088636428059569283e+00,1.342348865555803017e-01
4.572256452540687022e+00,8.655180578975504302e-01
4.979804937582702706e+00,2.761789058580982892e-01
2.974160224631082095e+00,-1.705441664861689910e-02
3.363122010333183809e+00,7.325257918980794258e-01
4.453236070494140719e+00,9.279765263168211487e-01
4.270202649685799656e+00,9.511044577331956296e-01
4.982018623386636591e+00,3.443034222866149796e-01
3.524367830351428310e+00,9.180462031788716448e-01
3.705769335746107895e+00,9.452570941062180543e-01
4.047530288088900363e+00,1.040448301006181797e+00
3.122205583229897385e+00,3.336991752755426033e-01
3.079756153863553614e+00,2.414966578436860967e-01
3.881425311454107963e+00,9.848957397859999796e-01
4.303584788838406006e+00,1.000342228969762770e+00
4.657603958471210781e+00,8.158800591916901546e-01
3.291882062121342045e+00,6.359107992573944657e-01
3.124627703364612152e+00,1.195583161404648043e-01
4.761073354235216826e+00,6.178248779350896669e-01
3.236377620559234281e+00,7.235666469825520197e-01
4.982712420826668875e+00,-7.676642286508519875e-02
4.918344976552171843e+00,5.024329383266081805e-01
4.310487301978300323e+00,9.702952661304375948e-01
5.025188746435659937e+00,1.717890736536283047e-01
3.060387542376775016e+00,4.842340992822757872e-01
3.110789734019747232e+00,2.027090020056800113e-01
3.357957135486396627e+00,7.567035860284822002e-01
4.961684963829009476e+00,5.783206702822696332e-01
3.460792141239724007e+00,9.301751369119971580e-01
3.466985664893660779e+00,8.495053023268581693e-01
4.048414123766048256e+00,9.915220663397655843e-01
5.050624687683701985e+00,9.123679877099280522e-02
3.557086974257927192e+00,8.942218899566153345e-01
3.277406249594703169e+00,6.437927678617090255e-01
3.969145513054757046e+00,1.053593642871319513e+00
4.580337994122771761e+00,8.163120857164957167e-01
3.062994779076373852e+00,1.169229185362122003e-01
4.069804204815151039e+00,9.681850055625798035e-01
4.516965279685572376e+00,8.908023308240708982e-01
3.076455011545629059e+00,1.597367458312188016e-01
5.011871982710616180e+00,3.562673459717907165e-01
3.063109081554737045e+00,1.379387515057111935e-01
4.029192249477682175e+00,1.008121644708765086e+00
4.994700021539006940e+00,1.483254517067454092e-01
3.598537031538265651e+00,8.652922240987654945e-01
3.074667617483200832e+00,1.661899150033492034e-01
4.465029661779145620e+00,8.720473790292391225e-01
3.924528434311602254e+00,9.627746232001044291e-01
4.340900903842157987e+00,8.647710523126370674e-01
3.320218817009600976e+00,6.581196686990107292e-01
3.111142332171330960e+00,5.160844279669387635e-01
3.060296906872666867e+00,9.269477750950169681e-02
3.491642982373969861e+00,8.399209148346866716e-01
3.622961236994667988e+00,9.508906911764920533e-01
4.669647172950926794e+00,7.672789717451684588e-01
4.811129470552683252e+00,5.693084514974618981e-01
3.346412933014216939e+00,6.406910264205575301e-01
4.820971392978341541e+00,5.507458266987093065e-01
3.063970938602326388e+00,2.256235831568007000e-01
3.515905057863596195e+00,8.393728919656983090e-01
4.265416645138391694e+00,9.973794456364956096e-01
2.955044471219049562e+00,2.769109150076919934e-01
4.828832521292458324e+00,5.736843355335750072e-01
5.030250494017058926e+00,6.072464380436810166e-02
4.967336931516058485e+00,5.432224447970732673e-01
4.836200021680253869e+00,5.730642907156375809e-01
3.892653148046984146e+00,9.522106028131549493e-01
3.094586384704546500e+00,3.278935984752167077e-01
4.832339173581851277e+00,6.077717126326210861e-01
